function Rot = rotMatrixQuad(e1, e2, e3, nn)


% m11 = 2*(nn^2+e1^2) - 1;
% m12 = 2*(e1*e2 - nn*e3);
% m13 = 2*(e1*e3 + nn*e2);
% 
% m21 = 2*(e1*e2+nn*e3);
% m22 = 2*(nn^2+e2^2) - 1;
% m23 = 2*(e2*e3 - nn*e1);
% 
% m31 = 2*(e1*e3-nn*e2);
% m32 = 2*(e2*e3+nn*e1);
% m33 = 2*(nn^2+e3^2) - 1;

m11 = 1-2*(e2^2+e3^2);
m12 = 2*(e1*e2 + nn*e3);
m13 = 2*(e1*e3 - nn*e2);

m21 = 2*(e1*e2 - nn*e3);
m22 = 1-2*(e1^2+e3^2);
m23 = 2*(e2*e3 + nn*e1);

m31 = 2*(e1*e3+nn*e2);
m32 = 2*(e2*e3-nn*e1);
m33 = 1-2*(e1^2+e2^2);


Rot = [[m11, m12, m13];[m21, m22, m23];[m31, m32, m33]];