function trace = traceMatr(x0, y0, z0, x1, y1, nn) 


trace_00 = 4;

trace_01 = (4*x0^2*y0*x1*nn+4*y0^3*x1*nn+4*y0*z0^2*x1*nn+4*x0*y0*x1^2*nn-4*x0^3*y1*nn-4*x0*y0^2*y1*nn-4*x0*z0^2*y1*nn-4*x0^2*x1*y1*nn+4*y0^2*x1*y1*nn-4*x0*y0*y1^2*nn)/(x0^4+2*x0^2*y0^2+y0^4+x0^2*z0^2+y0^2*z0^2+2*x0^3*x1+2*x0*y0^2*x1+2*x0*z0^2*x1+x0^2*x1^2+z0^2*x1^2+2*x0^2*y0*y1+2*y0^3*y1+2*y0*z0^2*y1+2*x0*y0*x1*y1+y0^2*y1^2+z0^2*y1^2);

trace_02 = (-4*x0^2*y0*z0*x1*nn-4*y0^3*z0*x1*nn-4*y0*z0^3*x1*nn+4*y0*z0*x1^3*nn+4*x0^3*z0*y1*nn+4*x0*y0^2*z0*y1*nn+4*x0*z0^3*y1*nn-4*x0*z0*x1^2*y1*nn+4*y0*z0*x1*y1^2*nn-4*x0*z0*y1^3*nn)/(x0^4+2*x0^2*y0^2+y0^4+x0^2*z0^2+y0^2*z0^2+2*x0^3*x1+2*x0*y0^2*x1+2*x0*z0^2*x1+x0^2*x1^2+z0^2*x1^2+2*x0^2*y0*y1+2*y0^3*y1+2*y0*z0^2*y1+2*x0*y0*x1*y1+y0^2*y1^2+z0^2*y1^2);

trace_03 = 0;

trace_10 = (4*x0^2*y0*x1*nn+4*y0^3*x1*nn+4*y0*z0^2*x1*nn+4*x0*y0*x1^2*nn-4*x0^3*y1*nn-4*x0*y0^2*y1*nn-4*x0*z0^2*y1*nn-4*x0^2*x1*y1*nn+4*y0^2*x1*y1*nn-4*x0*y0*y1^2*nn)/(x0^4+2*x0^2*y0^2+y0^4+x0^2*z0^2+y0^2*z0^2+2*x0^3*x1+2*x0*y0^2*x1+2*x0*z0^2*x1+x0^2*x1^2+z0^2*x1^2+2*x0^2*y0*y1+2*y0^3*y1+2*y0*z0^2*y1+2*x0*y0*x1*y1+y0^2*y1^2+z0^2*y1^2);

trace_11 = (-4*x0^8*nn^2-16*x0^6*y0^2*nn^2-24*x0^4*y0^4*nn^2-16*x0^2*y0^6*nn^2-4*y0^8*nn^2-8*x0^6*z0^2*nn^2-24*x0^4*y0^2*z0^2*nn^2-24*x0^2*y0^4*z0^2*nn^2-8*y0^6*z0^2*nn^2-4*x0^4*z0^4*nn^2-8*x0^2*y0^2*z0^4*nn^2-4*y0^4*z0^4*nn^2-8*x0^7*x1*nn^2-24*x0^5*y0^2*x1*nn^2-24*x0^3*y0^4*x1*nn^2-8*x0*y0^6*x1*nn^2-16*x0^5*z0^2*x1*nn^2-32*x0^3*y0^2*z0^2*x1*nn^2-16*x0*y0^4*z0^2*x1*nn^2-8*x0^3*z0^4*x1*nn^2-8*x0*y0^2*z0^4*x1*nn^2+8*x0^4*y0^2*x1^2*nn^2+16*x0^2*y0^4*x1^2*nn^2+8*y0^6*x1^2*nn^2-8*x0^4*z0^2*x1^2*nn^2+8*x0^2*y0^2*z0^2*x1^2*nn^2+16*y0^4*z0^2*x1^2*nn^2-8*x0^2*z0^4*x1^2*nn^2+8*y0^2*z0^4*x1^2*nn^2+8*x0^5*x1^3*nn^2+24*x0^3*y0^2*x1^3*nn^2+16*x0*y0^4*x1^3*nn^2+8*x0*y0^2*z0^2*x1^3*nn^2-8*x0*z0^4*x1^3*nn^2+4*x0^4*x1^4*nn^2+8*x0^2*y0^2*x1^4*nn^2-8*y0^2*z0^2*x1^4*nn^2-4*z0^4*x1^4*nn^2-8*x0^6*y0*y1*nn^2-24*x0^4*y0^3*y1*nn^2-24*x0^2*y0^5*y1*nn^2-8*y0^7*y1*nn^2-16*x0^4*y0*z0^2*y1*nn^2-32*x0^2*y0^3*z0^2*y1*nn^2-16*y0^5*z0^2*y1*nn^2-8*x0^2*y0*z0^4*y1*nn^2-8*y0^3*z0^4*y1*nn^2-16*x0^5*y0*x1*y1*nn^2-32*x0^3*y0^3*x1*y1*nn^2-16*x0*y0^5*x1*y1*nn^2-48*x0^3*y0*z0^2*x1*y1*nn^2-48*x0*y0^3*z0^2*x1*y1*nn^2-32*x0*y0*z0^4*x1*y1*nn^2-8*x0^4*y0*x1^2*y1*nn^2+8*x0^2*y0^3*x1^2*y1*nn^2+16*y0^5*x1^2*y1*nn^2-16*x0^2*y0*z0^2*x1^2*y1*nn^2+8*y0^3*z0^2*x1^2*y1*nn^2-8*y0*z0^4*x1^2*y1*nn^2+16*x0*y0^3*x1^3*y1*nn^2+16*x0*y0*z0^2*x1^3*y1*nn^2+8*x0^6*y1^2*nn^2+16*x0^4*y0^2*y1^2*nn^2+8*x0^2*y0^4*y1^2*nn^2+16*x0^4*z0^2*y1^2*nn^2+8*x0^2*y0^2*z0^2*y1^2*nn^2-8*y0^4*z0^2*y1^2*nn^2+8*x0^2*z0^4*y1^2*nn^2-8*y0^2*z0^4*y1^2*nn^2+16*x0^5*x1*y1^2*nn^2+8*x0^3*y0^2*x1*y1^2*nn^2-8*x0*y0^4*x1*y1^2*nn^2+8*x0^3*z0^2*x1*y1^2*nn^2-16*x0*y0^2*z0^2*x1*y1^2*nn^2-8*x0*z0^4*x1*y1^2*nn^2+8*x0^4*x1^2*y1^2*nn^2-8*x0^2*y0^2*x1^2*y1^2*nn^2+8*y0^4*x1^2*y1^2*nn^2-8*x0^2*z0^2*x1^2*y1^2*nn^2-8*y0^2*z0^2*x1^2*y1^2*nn^2-8*z0^4*x1^2*y1^2*nn^2+16*x0^4*y0*y1^3*nn^2+24*x0^2*y0^3*y1^3*nn^2+8*y0^5*y1^3*nn^2+8*x0^2*y0*z0^2*y1^3*nn^2-8*y0*z0^4*y1^3*nn^2+16*x0^3*y0*x1*y1^3*nn^2+16*x0*y0*z0^2*x1*y1^3*nn^2+8*x0^2*y0^2*y1^4*nn^2+4*y0^4*y1^4*nn^2-8*x0^2*z0^2*y1^4*nn^2-4*z0^4*y1^4*nn^2+2*x0^8+8*x0^6*y0^2+12*x0^4*y0^4+8*x0^2*y0^6+2*y0^8+4*x0^6*z0^2+12*x0^4*y0^2*z0^2+12*x0^2*y0^4*z0^2+4*y0^6*z0^2+2*x0^4*z0^4+4*x0^2*y0^2*z0^4+2*y0^4*z0^4+6*x0^7*x1+18*x0^5*y0^2*x1+18*x0^3*y0^4*x1+6*x0*y0^6*x1+14*x0^5*z0^2*x1+28*x0^3*y0^2*z0^2*x1+14*x0*y0^4*z0^2*x1+8*x0^3*z0^4*x1+8*x0*y0^2*z0^4*x1+4*x0^6*x1^2+6*x0^4*y0^2*x1^2-2*y0^6*x1^2+16*x0^4*z0^2*x1^2+18*x0^2*y0^2*z0^2*x1^2+2*y0^4*z0^2*x1^2+12*x0^2*z0^4*x1^2+4*y0^2*z0^4*x1^2-4*x0^5*x1^3-10*x0^3*y0^2*x1^3-6*x0*y0^4*x1^3+4*x0^3*z0^2*x1^3+8*x0*z0^4*x1^3-6*x0^4*x1^4-6*x0^2*y0^2*x1^4-4*x0^2*z0^2*x1^4-2*y0^2*z0^2*x1^4+2*z0^4*x1^4-2*x0^3*x1^5-2*x0*z0^2*x1^5+6*x0^6*y0*y1+18*x0^4*y0^3*y1+18*x0^2*y0^5*y1+6*y0^7*y1+14*x0^4*y0*z0^2*y1+28*x0^2*y0^3*z0^2*y1+14*y0^5*z0^2*y1+8*x0^2*y0*z0^4*y1+8*y0^3*z0^4*y1+12*x0^5*y0*x1*y1+24*x0^3*y0^3*x1*y1+12*x0*y0^5*x1*y1+28*x0^3*y0*z0^2*x1*y1+28*x0*y0^3*z0^2*x1*y1+16*x0*y0*z0^4*x1*y1-6*x0^2*y0^3*x1^2*y1-6*y0^5*x1^2*y1+12*x0^2*y0*z0^2*x1^2*y1+8*y0*z0^4*x1^2*y1-12*x0^3*y0*x1^3*y1-12*x0*y0^3*x1^3*y1-4*x0*y0*z0^2*x1^3*y1-6*x0^2*y0*x1^4*y1-2*y0*z0^2*x1^4*y1-2*x0^6*y1^2+6*x0^2*y0^4*y1^2+4*y0^6*y1^2+2*x0^4*z0^2*y1^2+18*x0^2*y0^2*z0^2*y1^2+16*y0^4*z0^2*y1^2+4*x0^2*z0^4*y1^2+12*y0^2*z0^4*y1^2-6*x0^5*x1*y1^2-6*x0^3*y0^2*x1*y1^2+12*x0*y0^2*z0^2*x1*y1^2+8*x0*z0^4*x1*y1^2-6*x0^4*x1^2*y1^2-12*x0^2*y0^2*x1^2*y1^2-6*y0^4*x1^2*y1^2-6*x0^2*z0^2*x1^2*y1^2-6*y0^2*z0^2*x1^2*y1^2+4*z0^4*x1^2*y1^2-2*x0^3*x1^3*y1^2-6*x0*y0^2*x1^3*y1^2-4*x0*z0^2*x1^3*y1^2-6*x0^4*y0*y1^3-10*x0^2*y0^3*y1^3-4*y0^5*y1^3+4*y0^3*z0^2*y1^3+8*y0*z0^4*y1^3-12*x0^3*y0*x1*y1^3-12*x0*y0^3*x1*y1^3-4*x0*y0*z0^2*x1*y1^3-6*x0^2*y0*x1^2*y1^3-2*y0^3*x1^2*y1^3-4*y0*z0^2*x1^2*y1^3-6*x0^2*y0^2*y1^4-6*y0^4*y1^4-2*x0^2*z0^2*y1^4-4*y0^2*z0^2*y1^4+2*z0^4*y1^4-6*x0*y0^2*x1*y1^4-2*x0*z0^2*x1*y1^4-2*y0^3*y1^5-2*y0*z0^2*y1^5)/(x0^8+4*x0^6*y0^2+6*x0^4*y0^4+4*x0^2*y0^6+y0^8+2*x0^6*z0^2+6*x0^4*y0^2*z0^2+6*x0^2*y0^4*z0^2+2*y0^6*z0^2+x0^4*z0^4+2*x0^2*y0^2*z0^4+y0^4*z0^4+4*x0^7*x1+12*x0^5*y0^2*x1+12*x0^3*y0^4*x1+4*x0*y0^6*x1+8*x0^5*z0^2*x1+16*x0^3*y0^2*z0^2*x1+8*x0*y0^4*z0^2*x1+4*x0^3*z0^4*x1+4*x0*y0^2*z0^4*x1+6*x0^6*x1^2+12*x0^4*y0^2*x1^2+6*x0^2*y0^4*x1^2+12*x0^4*z0^2*x1^2+14*x0^2*y0^2*z0^2*x1^2+2*y0^4*z0^2*x1^2+6*x0^2*z0^4*x1^2+2*y0^2*z0^4*x1^2+4*x0^5*x1^3+4*x0^3*y0^2*x1^3+8*x0^3*z0^2*x1^3+4*x0*y0^2*z0^2*x1^3+4*x0*z0^4*x1^3+x0^4*x1^4+2*x0^2*z0^2*x1^4+z0^4*x1^4+4*x0^6*y0*y1+12*x0^4*y0^3*y1+12*x0^2*y0^5*y1+4*y0^7*y1+8*x0^4*y0*z0^2*y1+16*x0^2*y0^3*z0^2*y1+8*y0^5*z0^2*y1+4*x0^2*y0*z0^4*y1+4*y0^3*z0^4*y1+12*x0^5*y0*x1*y1+24*x0^3*y0^3*x1*y1+12*x0*y0^5*x1*y1+20*x0^3*y0*z0^2*x1*y1+20*x0*y0^3*z0^2*x1*y1+8*x0*y0*z0^4*x1*y1+12*x0^4*y0*x1^2*y1+12*x0^2*y0^3*x1^2*y1+16*x0^2*y0*z0^2*x1^2*y1+4*y0^3*z0^2*x1^2*y1+4*y0*z0^4*x1^2*y1+4*x0^3*y0*x1^3*y1+4*x0*y0*z0^2*x1^3*y1+6*x0^4*y0^2*y1^2+12*x0^2*y0^4*y1^2+6*y0^6*y1^2+2*x0^4*z0^2*y1^2+14*x0^2*y0^2*z0^2*y1^2+12*y0^4*z0^2*y1^2+2*x0^2*z0^4*y1^2+6*y0^2*z0^4*y1^2+12*x0^3*y0^2*x1*y1^2+12*x0*y0^4*x1*y1^2+4*x0^3*z0^2*x1*y1^2+16*x0*y0^2*z0^2*x1*y1^2+4*x0*z0^4*x1*y1^2+6*x0^2*y0^2*x1^2*y1^2+2*x0^2*z0^2*x1^2*y1^2+2*y0^2*z0^2*x1^2*y1^2+2*z0^4*x1^2*y1^2+4*x0^2*y0^3*y1^3+4*y0^5*y1^3+4*x0^2*y0*z0^2*y1^3+8*y0^3*z0^2*y1^3+4*y0*z0^4*y1^3+4*x0*y0^3*x1*y1^3+4*x0*y0*z0^2*x1*y1^3+y0^4*y1^4+2*y0^2*z0^2*y1^4+z0^4*y1^4);

